size(564,709);
background(255);
noStroke();
fill(69, 122, 129);

//parte cima/guarda-chuva
triangle(275,195,275,320,390,320); //interno boca
triangle(275,195,275,320,195,320);

fill(219, 166, 194);
triangle(153.95,98.05,144.63,72.49,100.95,115.19);
fill(184, 118, 222);
quad(174.82,73,157.60,60.54,145,72.75,154.20,98);
fill(172, 118, 209);
triangle(157.60,60.54,174.41,72,212,40);
fill(105, 95, 201);
triangle(155,97.41,214.34,39.40,180.81,103.75);
fill(204, 193, 239);
quad(215.48,39.90,180,103.75,232,90.16,260,57.53);
fill(191, 114, 234);
triangle(232,90.60,261,58,280,90);
fill(214, 204, 251);
quad(261,58,309,32.70,319.80,103.75,280,90);
fill(123, 117, 206);
triangle(214.34,39.40,260,58,260,39.40);
triangle(260,39.40,260,58,307.60,32.70);
fill(121, 77, 196);
quad(309,32.70,364,71.70,367.43,103.75,319.80,103.75);
fill(117, 133, 206);
triangle(309,32.70,362.60,70,407.48,51);

fill(183, 128, 165);
triangle(364,70.50,367.1,104.52,410,51.70);
triangle(367.1,104.52,410,51.70,435.60,133.22);


//o resto
colorMode(HSB, 360,100,100);
fill(215,76,45);
triangle(274,192,254.85,216.76,238.58,195.85);
triangle(274,192,292,216,317.85,195.37);
fill(217,92,36);
triangle(274,192,254,214.85,292,216);
triangle(236,232,192,215,192,264);

triangle(370,233,357,310,310,245);
fill(208,70,80);
triangle(357,310,428,320,370,233);
fill(190,34,80);
triangle(335,240,364,196,370,233);

triangle(195,320,190,235,245,258);
fill(189,44,70);
triangle(195,210,195,330,115,340);

triangle(195,330,103,374,115,340);
fill(200,54,41);
triangle(195,330,103,374,125,505);
triangle(125,505,195,330,170,588);
triangle(337,373,425,430,425,320);
triangle(425,430,380,575,338,373);
triangle(350,588,380,575,338,373);
stroke(200,54,41);
strokeWeight(4);
line(200,588,275,610);
line(275,610,380,575);
noStroke();
arc(185,570,45,52, radians(45),radians(240));
arc(200,330,20,20,radians(120), radians(280));

//orelha dir
fill(188,40,61);
triangle(292,217,337,237,317,196);
fill(166,20,70);
triangle(322,165,316,196,337,236.73);
triangle(337,236.73, 364,196,328,196);
fill(204,41,56);
triangle(322,165,328,196,364,196);
fill(206,39,49);
triangle(322,165,364,196,370,128);

//orelha esq
fill(214,74,46);
triangle(240,196,254,215,236,232);
fill(197,92,61);
triangle(240,196,215,215,236,232);
fill(188,40,61);
triangle(215,215,240,195,205,195);
triangle(215,215,205,195,190,195);
fill(204,41,56);
triangle(240,195,225,160,190,195);
fill(206,39,49);
triangle(190,195,175,130,225,160);

//onde ficará os olhos
fill(200,89,70);
triangle(236,232,190,195,191,235);
//nariz
fill(0,0,0);
triangle(268,255,259,265,268,265);
triangle(282,255,290,265,282,265);
rect(268,254,14,12);
fill(0,0,100); //brilho
circle(267,260,3);
fill(208,80,90);
triangle(255,214,246.30,238.74,237,232);
quad(237,232,246.30,238.74,240,255,226,238);
fill(198,87,66);
triangle(254.85,216.76,268,255,240,255);
triangle(294.85,216.76,282,255,308,255);
fill(113,17,81);
quad(254.85,215,294.85,216.76,282,255,268,255);
fill(205,88,84);
quad(298,215,318,198,337,240,308,258);

//olhos
fill(0,0,95);
ellipse(215,255,45,45);
fill(0,0,0);
ellipse(218,255,15,18);
triangle(190,255,195,250,195,260);
triangle(242,255,237,250,237,260);
fill(0,0,95);
ellipse(333,255,45,45);
fill(0,0,0);
ellipse(333,255,15,18);
triangle(308,255,313,250,313,260);
triangle(358,255,354,250,354,260);

// segurar
fill(231,47,62);
triangle(410,51.70,435.60,133.22,476.31,143.93);
fill(246,40,24); 
rect(295.94,98.55,9,327);
arc(295,420,20,20,0, PIE);
circle(290,418,12);
fill(0,0,0); //maos
triangle(280,320,303,334.89,307,320);
triangle(280,313,307,322,307,313);
triangle(283,303,307,315,307,302.90);
triangle(286,298,310,298,310,308);

//mao
fill(191,77,77);
triangle(305,335,336,374,361,341);
fill(196,50,70);
triangle(310,298,360,340,304,335);
fill(191,20,100);
triangle(310,298,368,315,360,340);

fill(191,77,65);
triangle(336,374,388,365,360,340);
fill(191,77,60);
triangle(388,365,361,341,368,315);
triangle(336,374,400,400,388,365);
fill(190,50,82);
triangle(400,400,388,365,428,320);
fill(58,38,70);
triangle(388,365,428,320,368,315);

//detalhes
fill(192,50,70);
triangle(215,360,200,383,215,373);
fill(215,79,32);
triangle(215,360,215,373,230,383);

fill(192,50,70);
triangle(320,360,305,383,320,373);
fill(215,79,32);
triangle(320,360,320,373,335,383);

fill(192,50,70);
triangle(265,360,250,383,265,373);
fill(215,79,32);
triangle(265,360,265,373,280,383);

fill(0,0,0);
rect(110,300,100,5);
rect(110,290,100,5);
rect(110,280,100,5);
rect(350,300,100,5);
rect(350,290,100,5);
rect(350,280,100,5);